000000000000010010001101000101011001111000000000000100000111000000000000000000000000000000000000000000000000000000000000000000000000000000000000000000000000000000000000000000000000000000000000000000000000000000000000000000
000000000100000000000000000000000000000000000000001000000110111111011010000000001000000001010000000111000000001011110100010000001001000000110000000001010000001001111100110000000011100000000111000000110000000011101111001000
000000001000000000000000000000000000000000000000001100000100101111010101000000001100000001100000001001000000001111110010010000001100000000111100000001100000001100111100001100000100100000001001000000111100000100101110111101
000000001100000000000000000000000000000000000000010000000001111111010010000000010000000001110000001011000000010011110001000000001111000001001000000001110000001111111011110100000101010000001011000001001000000101011110110110
000000010000000000000000000000000000000000000000010100000001101111100010000000000100000000100000000011000000000111110111110000000100000000010100000000100000000100111101110100000001100000000011000000010100000001101111011011
000000010100000000000000000000000000000000000000000000000000001111010010000000010000000001110000001011000000010011110000110000001111000001001000000001110000001111111011110000000101100000001011000001001000000101101110110101
000000011000000000000000000000000000000000000000000000000000001111001100000000010100000010010000001110000000010111101110100000010011000001011100000010010000010011111011000100000110110000001110000001011100000110111110101000
000000011100000000000000000000000000000000000000100000000010111111011111000000001000000000110000000101000000001011110110010000000110000000011100000000110000000110111101011000000010010000000101000000011100000010011111010011
000000100000000000000000000000000000000000000000100100000010101111010110000000001100000001100000001001000000001111110010100000001100000000111100000001100000001100111100010000000100100000001001000000111100000100101110111111
000000100100000000000000000000000000000000000000000000000000001111011011000000001000000001000000000111000000001011110100100000001001000000101100000001000000001001111100110100000011010000000111000000101100000011011111001001
000000101000000000000000000000000000000000000000000000000000001111011111000000000100000000110000000100000000000111110110100000000110000000011100000000110000000110111101011100000010010000000100000000011100000010011111010100
000000101100000000000000000000000000000000000000110000000100011111100011000000000100000000100000000011000000000111111000000000000011000000010000000000100000000011111101111000000001010000000011000000010000000001011111011100
000000110000000000000000000000000000000000000000110100000100001111100100000000000100000000010000000010000000000111111000100000000011000000001100000000010000000011111110000000000001000000000010000000001100000001001111011111
000000110100000000000000000000000000000000000000111000000011111111100010000000000100000000100000000011000000000111110111100000000100000000010100000000100000000100111101110000000001100000000011000000010100000001101111011010
000000111000000000000000000000000000000000000000000000000000001111011001000000001100000001010000000111000000001111110011110000001010000000110000000001010000001010111100101000000011110000000111000000110000000011111111000101
000000111100000000000000000000000000000000000000000000000000001111011100000000001000000001000000000110000000001011110101000000001000000000101000000001000000001000111101000000000011000000000110000000101000000011001111001100
000001000000000000000000000000000000000000000000000000000000001111011010000000001000000001010000000111000000001011110100010000001001000000110000000001010000001001111100110000000011100000000111000000110000000011101111001000
000001000100000000000000000000000000000000000000000000000000001111001101000000010100000010010000001101000000010111101110110000010010000001011000000010010000010010111011001100000110100000001101000001011000000110101110101010
000001001000000000000000000000000000000000000001001100000101001111011101000000001000000001000000000101000000001011110101100000000111000000100100000001000000000111111101001000000010110000000101000000100100000010111111001111
000001001100000000000000000000000000000000000000000000000000001110110000000000101000000100110000011011000000101011100011100000100100000010110000000100110000100100110111110100001101000000011011000010110000001101001101101101
000001010000000000000000000000000000000000000001010100000101101111100101000000000100000000010000000010000000000111111000110000000010000000001100000000010000000010111110001000000000110000000010000000001100000000111111100001
000001010100000000000000000000000000000000000000000000000000001110110110000000100100000100010000011000000000100111100101110000100000000010100000000100010000100000111000100000001011110000011000000010100000001011111101111001
000001011000000000000000000000000000000000000001011100000110101111100011000000000100000000100000000011000000000111110111110000000100000000010100000000100000000100111101110100000001010000000011000000010100000001011111011011
000001011100000000000000000000000000000000000001100000000110011111011110000000001000000000110000000101000000001011110110000000000110000000100000000000110000000110111101010100000010100000000101000000100000000010101111010010
000001100000000000000000000000000000000000000000000000000000001111000110000000011000000010110000010001000000011011101100010000010110000001101100000010110000010110111010011000001000010000010001000001101100001000011110011011
000001100100000000000000000000000000000000000000000000000000001110111100000000100000000011110000010110000000100011101000000000011101000010010000000011110000011101111001001000001010100000010110000010010000001010101110000100
000001101000000000000000000000000000000000000000000000000000001111001000000000011000000010110000010000000000011011101100110000010101000001101000000010110000010101111010100100000111110000010000000001101000000111111110011110
000001101100000000000000000000000000000000000000000000000000001111000011000000011100000011010000010010000000011111101010110000011001000001111000000011010000011001111001111100001001000000010010000001111000001001001110010100
000001110000000000000000000000000000000000000001110100000111101111011000000000001100000001010000001000000000001111110011100000001011000000110100000001010000001011111100100100000100000000001000000000110100000100001111000011
000001110100000000000000000000000000000000000000000000000000001111010000000000010000000010000000001100000000010011110000000000010000000001010000000010000000010000111011100000000110000000001100000001010000000110001110110000
000001111000000000000000000000000000000000000000000000000000001111001100000000010100000010010000001110000000010111101110100000010010000001011100000010010000010010111011001000000110110000001110000001011100000110111110101001
000001111100000000000000000000000000000000000000000000000000001111001111000000010000000010000000001100000000010011101111110000010001000001010100000010000000010001111011011000000110010000001100000001010100000110011110101110